temp
""
temp
""
